TP: 118
FP: 29
TN: 81
FN: 1
sensitivity: 0.9915966386554622
specificity: 0.7363636363636363
precision: 0.8027210884353742
accuracy: 0.868995633187773
